 No    Ref    V       B-V     U-B

 0001   158   8.760   0.860   0.110
 0001   161   8.760   0.900         
 0002   158  10.550   0.690  -0.320
 0002   161  10.560   0.710         
 0003   158  10.960   0.700  -0.250
 0003   161  10.990   0.690         
 0004   158  11.390   1.530   1.380
 0004   161  11.340   1.560         
 0005   158  11.370   0.680  -0.270
 0005   161  11.390   0.680         
 0006   158  11.490   0.660  -0.290
 0006   161  11.530   0.660         
 0007   158  11.480   0.640  -0.380
 0008   158  11.930   0.660  -0.300
 0008   161  11.970   0.610         
 0009   158  12.160   0.760  -0.250
 0009   161  12.150   0.800         
 0010   158  12.780   0.630  -0.270
 0010   161  12.770   0.640         
 0011   158  12.860   0.840   0.330
 0011   161  12.830   0.860         
 0012   158  12.870   1.440   0.930
 0012   161  12.760   1.490         
 0013   158  12.880   0.690  -0.240
 0013   161  12.890   0.660         
 0014   158  12.950   0.660  -0.140
 0014   161  12.970   0.650         
 0015   158  13.120   0.710  -0.150
 0015   161  13.170   0.690         
 0016   158  13.210   0.790  -0.150
 0016   161  13.300   0.730         
 0017   158  13.370   0.620  -0.220
 0018   158  13.780   0.650  -0.070
 0018   161  13.730   0.750         
 0019   158  14.030   0.810   0.510
 0020   158  14.240   0.580   0.010
 0021   158  14.260   0.720  -0.120
 0021   161  14.240   0.700         
 0022   158  14.320   1.340   1.150
 0023   158  14.540   0.660   0.100
 0023   161  14.480   0.710         
 0024   158  15.490   0.370   0.280
 0025   158  15.610   0.370   0.440
 0026   158  15.670   0.390   0.250
 0028   158  14.470   0.690   0.610
 0029   158  15.520   0.550   0.250
 0030   158  14.260   0.680   0.450
 0031   158  14.520   0.750   0.140
 0031   161  14.470   0.740         
 0032   158  13.920   1.300   1.250
 0032   161  13.790   1.300         
 0033   158  15.390   0.410   0.410
 0033   161  15.250   0.550         
 0034   161  14.970   1.680         
 0035   158  16.410   0.540   0.250
 0035   161  16.150   0.830         
 0036   158  14.760   0.990   0.520
 0036   161  14.640   0.940         
 0037   161  16.400   0.690         
 0038   161  16.270   0.890         
 0039   161  16.100   0.850         
 0040   158  13.920   0.890   0.430
 0041   158  14.620   0.940   0.550
 0042   158  14.900   0.900   0.190
 0043   158  14.130   0.830   0.370
 0043   161  14.060   0.840         
 0044   161  16.090   0.950         
 0045   158  13.860   0.590   0.430
 0046   158  16.210   0.870   0.890
 0047   158  15.400   0.770   0.090
 0050   158  15.910   0.900   0.630
 0051   158  13.770   0.770  -0.040
 0052   158  13.960   0.660   0.360
 0053   158  15.380   0.670   1.220
 0054   158  13.620   0.970   0.400
 0055   158  15.760   0.900   0.380
 0056   158  15.830   0.900   0.870
 0057   158  15.470   1.230  -0.180
 0057   161  15.330   1.080         
 0058   161  15.470   1.120         
 0059   158  15.520   0.990   0.880
 0059   161  15.230   1.030         
 0060   158  16.020   0.880   0.630
 0060   161  15.870   0.850         
 0061   161  16.010   1.000         
 0062   158  15.000   0.790   0.750
 0062   161  15.030   0.740         
 0063   158  15.230   0.840   0.330
 0063   161  15.250   0.790         
 0064   158  15.180   1.000   0.920
 0064   161  15.150   1.040         
 0065   158   9.990   2.560   3.110
 0065   161  10.120   2.590         
 0066   158  15.750   0.740   0.220
 0066   161  15.630   0.670         
 0067   158  15.690   0.930   1.190
 0067   161  15.600   0.920         
 0068   158  14.590   0.690  -0.030
 0068   161  14.560   0.750         
 0069   158  14.270   0.740   0.040
 0069   161  14.240   0.800         
 0070   161  15.250   1.270         
 0071   161  15.960   1.240         
 0072   158  15.770   0.660   0.280
 0072   161  15.570   0.880         
 0075   158  15.780   0.830   0.610
 0075   161  15.670   0.770         
 0076   161  13.690   2.330         
 0077   161  16.010   1.160         
 0078   158  14.480   1.010   0.310
 0078   161  14.350   0.980         
 0079   158  16.040   1.110   0.850
 0080   158  13.970   1.380   1.230
 0080   161  13.830   1.610         
 0081   158  14.960   0.970   0.260
 0081   161  14.780   1.000         
 0082   158  15.290   0.470   0.160
 0082   161  15.190   0.770         
 0083   158  15.540   1.040   0.440
 0083   161  15.380   0.940         
 0084   158  14.930   0.440   0.130
 0084   161  14.800   0.710         
 0085   158  15.520   0.870   0.300
 0085   161  15.440   0.790         
 0086   158  15.110   1.020   0.480
 0086   161  15.030   1.030         
 0087   161  14.630   1.790         
 0088   158  14.910   1.120   0.730
 0089   158  12.780   0.680   0.200
 0090   158  15.400   0.950  -0.190
 0093   158  14.750   0.790  -0.150
 0094   158  15.640   0.510   0.220
 0100   158  14.170   0.710  -0.030
 0100   161  14.120   0.720         
 0101   158  15.280   0.850   0.410
 0101   161  15.190   0.860         
 0102   158  13.430   0.560   0.360
 0103   158  14.530   0.560  -0.130
 0103   161  14.250   0.780         
 0104   158  15.180   0.520   0.310
 0104   161  15.130   0.790         
 0105   158  16.220   0.200   0.270
 0105   161  16.010   0.660         
 0106   158  15.190   0.710   0.240
 0107   158  16.210   0.410   0.100
 0108   158  14.140   0.640  -0.160
 0109   158  14.690   0.520  -0.040
 0110   158  13.360   0.700   0.380
 0111   158  15.760   0.730   0.430
 0113   158  14.980   0.640   0.120
 0114   158  15.370   0.930  -0.020
 0115   158  12.050   1.440   1.160
 0116   158  15.100   0.750   0.430
 0117   158  12.840   0.850   0.390
 0118   158  15.550   0.430   0.200
 0119   158  15.900   0.540   0.460
 0121   158  15.880   0.650   1.610
 0126   158  14.480   0.840   0.560
 0127   158  15.100   0.680   0.230
 0128   158  15.260   0.790   0.260
 0129   158  15.310   0.810   0.420
 0132   158  15.950   0.560   0.040
 0133   158  16.080   0.900  -0.190
 0135   158  16.110   0.480   0.520
 0135   161  15.200   1.070         
 0137   161  14.460   0.820         
 0161   161  16.090   0.900         
 0162   161  15.140   2.020         
 0178   161  16.270   1.170         
 0181   161  15.840   1.300         
 0183   161  12.110   0.660         
 0185   161  13.390   0.710         
 0191   161  15.780   1.310         
 0194   161  15.090   2.130         
 0209   161  15.170   0.650         
 0214   161  15.960   0.740         
 0215   161  16.320   1.020         
 0283   158  12.050   0.660   0.100
 0285   158  13.210   0.680  -0.250
 1014   158  15.500   0.940   0.450
 1017   158  14.480   0.900   0.580
 1019   158  14.000   0.720   0.620
 1026   158  15.440   0.950   0.610
 1028   158  15.370   0.900   0.230
 1032   158  15.170   0.580   0.680
 1033   158  16.190   0.970   0.570
 1072   158  15.310   1.000   0.490
 1073   158  15.470   0.900   0.680
 1087   158  15.480   1.080   1.030
 1096   158  14.160   0.890   0.400
 1097   158  14.970   1.160   0.920
 1098   158  14.180   1.300   0.950
 1100   158  15.180   1.120   0.560
 2004   158  15.120   1.260   0.630
 2006   158  14.700   0.670   0.420
 2007   158  13.910   0.750   0.020
 2011   158  15.930   1.040   0.330
 2016   158  14.700   0.980   0.960
 2023   158  13.950   0.840   0.190
 2026   158  12.570   0.420   0.220
 2027   158  14.490   0.890   0.170
 2028   158  14.070   0.850  -0.170
 2031   158  14.640   0.700  -0.020
 2033   158  13.780   0.900   0.350
 2096   158  16.460   0.360   0.330
 2105   158  16.570   0.040   1.930
 2121   158  15.480   0.990   0.090
 3005   158  15.290   0.400   0.310
 3006   158  12.160   0.600   0.430
 3009   158  15.710   1.040   0.570
 3010   158  15.570   1.130  -0.200
 3013   158  13.650   0.570         
 3015   158  14.740   0.900   0.010
 3017   158  14.770   0.940   0.450
 3025   158  15.660   0.440   0.540
 3026   158  12.740   0.560  -0.380
 3027   158  14.700   0.750  -0.090
 3032   158  14.290   0.610   0.210
 3037   158  14.370   0.650   0.310
 3038   158  16.560   0.020   0.480
 3046   158  15.020   0.910   0.730
 4021   158  13.970   0.700   0.440
 4030   158  15.140   1.250   1.240
 4043   158  16.400   0.180   0.100
 4051   158  14.660   1.630  -0.120
 5001   158  15.520   1.060   0.510
 5002   158  16.290   0.490         
 5003   158  15.150   1.640   0.320
 5004   158  15.560   1.240   0.500
 5005   158  15.530   1.210   0.560
 5006   158  13.080   0.710   0.380
 5007   158  15.480   0.600   0.210
 5008   158  13.590   0.930   0.250
 5009   158  11.540   1.480   1.400
 5010   158  13.920   0.650   0.450
 5011   158  11.150   0.850   0.590
 5012   158  16.610   0.310  -0.860
 5013   158  14.750   1.350   0.480
 5014   158  15.990   0.590   1.570
 5015   158  14.520   0.770   0.400
 5016   158  14.400   0.690   0.560
 5017   158  14.600   1.510   1.060
 5018   158  15.550   1.350   0.780
 5019   158  14.450   1.540   1.190
 5020   158  15.900   1.000   0.560
 5021   158  14.380   1.600   1.240
 5022   158  15.460   1.080   0.170
 5023   158  16.010   1.310   1.320
 5024   158  15.390   1.070   0.090
 5025   158  14.150   0.560   0.200
 5026   158  14.740   1.090   0.410
 5027   158  14.600   0.820   0.460
 5028   158  15.100   0.750   0.050
 5029   158  15.300   0.660   0.270
 5030   158  15.930   1.060   1.420
 5031   158  13.880   0.460   0.310
 5032   158  15.810   0.930   0.560
 5033   158  14.450   0.970   0.340
 5034   158  15.330   1.060   0.170
 5035   158  15.460   1.290   0.580
 5036   158  14.250   0.970   0.330
 5037   158  16.150   0.980   0.590
 5038   158  15.130   0.900   0.350
 5039   158  15.690   0.420   0.290
 5040   158  15.900   1.380  -0.080
 5041   158  14.740   0.920   0.520
 5042   158  14.570   0.980   0.130
 5043   158  14.300   0.810   0.490
 5044   158  15.330   1.050   0.580
 5045   158  15.230   1.110   0.560
 5046   158   9.810   0.740   0.200
 5047   158  14.670   1.030   0.430
 5048   158  14.180   0.890   0.780
 5049   158  16.280   1.320  -0.700
 5050   158  13.730   0.510   0.380
 5051   158  14.460   0.630   0.720
 5052   158  13.480   1.500   1.260
 5053   158  16.080   1.480   1.000
 5054   158  14.620   1.340   0.930
 5055   158  15.050   1.060   0.730
 5056   158  15.170   1.020   0.470
 5057   158  13.960   0.910   0.520
 5058   158  14.220   0.910   0.460
 5059   158  14.360   0.890   0.500
 5060   158  14.550   1.540   0.990
 5061   158  15.930   1.220   0.800
 5062   158  15.460   1.150   0.290
 5063   158  14.920   1.060   0.260
 5064   158  14.530   0.740   0.200
 5065   158  15.900   1.560   0.610
 5066   158  13.230   0.830   0.280
 5067   158  13.350   0.770   0.250
 5068   158  13.800   1.250   0.820
 5069   158  15.430   0.620   0.560
 5070   158  15.770   1.300   0.780
 5071   158  15.840   1.320   0.590
 5072   158  15.840   0.600   0.330
 5073   158  15.430   1.210   0.350
 5074   158  15.450   0.730   0.190
 5075   158  14.290   0.800   0.240
 5076   158  13.610   0.830   0.570
 5077   158  13.840   0.550   0.140
 5078   158  12.290   1.340   1.030
 5079   158  15.380   0.560   0.320
 5080   158  14.420   1.080  -0.040
 5081   158  13.000   0.790   0.310
 5082   158  14.670   0.880   0.380
 5083   158  14.290   0.980   0.450
 5084   158  16.150   0.600   0.670
 5085   158  15.070   1.080  -0.170
 5086   158  13.940   1.100   0.490
 5087   158  13.020   0.610   0.410
 5088   158  15.610   0.710   0.540
 5089   158  15.370   1.060   0.510
 5090   158  15.100   1.030   1.480
 5091   158  11.230   0.360   0.060
 5092   158  11.730   0.620  -0.310
 5093   158  15.840   1.340   1.250
 5094   158  12.070   0.780  -0.330
 5095   158  14.600   0.930   0.140
 5096   158  13.740   0.860   0.300
 5097   158  14.920   0.850   0.240
 5098   158  14.920   1.080   2.110
 5099   158  13.560   0.540   0.490
 5100   158  15.530   1.450   4.340
 5101   158  11.210   1.820   2.120
 5102   158  13.880   1.620   1.860
 5103   158  13.490   1.570   1.360
 5104   158  14.890   1.020   0.980
 5105   158  15.370   0.990  -0.560
 5106   158  14.950   1.030   0.340
 5107   158  15.730   0.560   0.650
 5108   158  13.240   0.870   0.480
 5109   158  10.730   1.370   1.200
 5110   158  15.790   0.960   0.340
 5111   158  15.570   0.960   0.450
 5112   158  15.750   1.230  -0.280
 5113   158  14.630   0.770   0.640
 5114   158  14.800   1.120   0.230
 5115   158  15.710   1.510   1.650
 5116   158  13.910   0.860   0.280
 5117   158  15.140   0.680   0.730
 5118   158  15.270   0.990  -0.170
 5119   158  15.370   1.160   0.560
 5120   158  14.220   1.070   0.410
 5121   158  12.870   1.050   0.350
 5122   158  14.950   0.890   0.360
 5123   158  14.600   0.940   0.430
 5124   158  15.390   1.200  -0.200
 5125   158  15.130   0.880  -0.170
 5126   158  14.620   0.820   0.220
 5127   158  15.200   1.010   0.270
 5128   158  15.180   0.850   0.400
 5129   158  14.670   0.980  -0.010
 5130   158  15.540   0.360   0.320
 5131   158  15.100   0.900   0.450
 5132   158  14.810   0.490   0.350
 5133   158  13.180   1.430   1.780
 5134   158  15.930   1.090   0.190
 5135   158  15.720   1.010   5.270
 5136   158  13.320   1.050   0.450
 5137   158  13.170   1.420   1.000
 5138   158  16.340   0.090   0.430
 5139   158  16.310   0.910   0.660
 5140   158  13.960   0.990   0.420
 5141   158  12.780   0.680   0.420
 5142   158  14.720   0.780   0.700
 5143   158  12.360   0.530   0.400
 5144   158  12.480   0.580   0.420
 5145   158  15.580   1.000   0.890
 5146   158  14.980   0.450   0.860
 5147   158  14.650   0.920   0.250
 5148   158  14.810   1.260   0.930
 5149   158  15.550   1.580  -0.320
 5150   158  12.970   0.850   0.280
 5151   158  14.500   1.430   1.460
 5152   158  16.230   2.660  -1.580
 5153   158  13.760   0.920   0.360
 5154   158  13.840   0.750   0.430
 5155   158  14.420   1.100   1.440
 5156   158  14.600   0.690   0.200
 5157   158  16.060   0.970  -0.400
 5158   158  15.040   0.870   0.390
 5159   158  14.650   1.000   0.260
 5160   158  14.510   0.660   0.010
 5161   158  15.110   0.950   1.090
 5162   158  15.030   0.710   0.320
 5163   158  13.190   1.490   1.280
 5164   158  15.710   0.870  -0.180
 5165   158  15.090   0.880   0.380
 5166   158  13.610   1.370   1.290
 5167   158  14.100   0.660  -0.100
 5168   158  13.740   2.180   0.700
 5169   158  15.130   0.700   0.190
 5170   158  16.220   1.130  -0.010
 5171   158  13.730   0.840   0.140
 5172   158  14.520   0.780  -0.220
 5173   158  15.140   0.870   0.400
 5174   158  15.790   1.310  -0.200
 5175   158  14.520   0.740   0.060
 5176   158  15.290   0.710   0.710
 5177   158  14.520   0.980   0.540
 5178   158  15.150   0.960   0.360
 5179   158  16.030   1.130  -0.610
 5180   158  10.560   0.430   0.300
 5181   158  13.870   0.790   0.220
 5182   158  13.890   1.340   0.560
 5183   158  15.900   0.850   1.520
 5184   158  15.730   1.120  -0.020
 5185   158  13.840   0.970   0.480
 5186   158  12.340   1.380   1.170
 5187   158  10.410   0.580   0.030
 5188   158  11.970   0.620   0.310
 5189   158  14.600   2.120   1.440
 5190   158  14.710   1.710   0.820
 5191   158  10.650   1.740   1.780
 5192   158  15.310   1.080   1.010
 5193   158  15.790   1.000  -0.080
 5194   158  14.530   0.840   0.590
 5195   158  13.020   1.470   0.920
 5196   158  15.340   0.990   0.790
 5197   158  13.490   0.490   0.410
 5202   158  15.480   1.180   0.890
 5203   158  14.740   0.640  -0.040
 5204   158  15.390   0.690   0.430
 5205   158  13.410   0.590   0.460
 5208   158  13.060   0.500   0.260
 5210   158  15.600   1.080   0.720
 5212   158  14.570   1.620   0.910
 5214   158  13.740   0.770   0.200
 5215   158  15.090   0.680   0.400
 5217   158  15.620   0.770  -0.270
 5220   158  14.970   0.940   0.590
 5222   158  14.530   1.060   0.610
 5224   158  14.840   0.880   0.360
 5225   158  14.130   1.060   0.140
 5227   158  12.600   0.630  -0.050
 5228   158  16.000   0.870  -0.160
 5231   158  14.370   1.390   0.350
 5232   158  14.080   0.930   0.460
 5233   158  15.070   0.710  -0.180
 5237   158  15.510   0.970   0.810
 5241   158  13.350   0.640  -0.180
 5242   158  15.160   1.040  -0.040
 5244   158  14.300   0.900   0.390
 5249   158  14.900   0.780   0.850
 5250   158  14.480   0.730   0.120
 5252   158  15.240   1.120   0.110
 5259   158  14.900   1.140   0.150
 5260   158  14.890   1.230   0.120
 5261   158  14.800   1.020   0.630
 5263   158  14.190   0.730   0.280
 5265   158  15.190   0.690   0.640
 5267   158  14.910   1.190  -0.030
 5270   158  14.730   0.920   0.410
 5272   158  14.930   0.810   0.550
 5273   158  14.380   0.660  -0.080
 5274   158  12.670   1.580   1.750
 5275   158  15.740   1.090   0.390
 5277   158  15.310   1.050   0.300
 5278   158  13.660   0.670  -0.220
 5281   158  13.770   0.700   0.310
 5282   158  15.210   1.550   0.030
 5283   158  14.160   0.740   0.550
 5285   158  16.060   1.650  -0.510
 5290   158  15.280   0.840   0.150
 5292   158  13.530   1.720   1.320
 5293   158  15.050   0.680   0.250
 5295   158  16.110   1.940  -0.620
 5296   158  15.910   1.550  -0.630
 5301   158  13.810   0.960   0.410
 5302   158  15.540   1.180  -0.130
 5307   158  14.920   1.000   0.080
 5314   158  16.890   0.170   0.200
 5319   158  15.290   1.380   0.140
 5320   158  13.790   1.450   1.600
 5326   158  14.900   0.700   0.110
 5328   158  16.200   0.980  -0.270
 5337   158  15.410   1.330  -0.210
 5339   158  15.350   1.060   0.370
 5345   158  11.620   0.380   0.070
 5348   158  14.290   0.620   0.430
 5352   158  15.820   1.100   0.620
 5353   158  15.490   1.570   0.190
 5354   158  15.450   0.920   0.650
 5359   158  15.080   1.010   0.140
 5367   158  15.300   1.320   0.270
 5372   158  13.960   0.650   0.460
 5378   158  13.560   0.940   0.100
 5380   158  13.550   0.910   0.200
 5385   158  14.710   1.010   0.020
 5386   158  15.150   0.700   0.430
 5387   158  14.840   0.970   0.550
 5390   158  10.430   0.670   0.170
 5394   158  14.980   1.420   0.140
 5397   158  12.100   1.440   1.110
 5407   158  15.640   1.410   0.090
 5408   158  12.730   1.430   1.240
 5411   158  14.750   0.830   0.690
 5414   158  13.480   0.790   0.230
 5416   158  14.950   0.820   0.490
 5417   158  14.900   1.340   0.170
 5418   158  14.710   0.700   0.660
 5419   158  15.560   1.650  -0.120
 5420   158  12.400   0.710   0.390
 5421   158  14.940   0.990   0.740
 5422   158  13.650   0.740  -0.190
 5423   158  13.690   1.580   1.020
 5425   158  13.190   0.840  -0.270
 5427   158  15.150   1.220   0.140
 5428   158  15.470   0.980   0.340
 5430   158  14.390   0.910   0.390
 5435   158  14.880   0.900   0.380
 5437   158  16.490   1.420  -0.330
 5439   158  14.610   0.780   0.450
 5440   158  13.920   0.830  -0.270
 5442   158  15.670   1.280  -0.200
 5443   158  14.580   1.120   0.290
 5444   158  15.840   0.600   0.780
 5445   158  14.970   0.640   0.090
 5446   158  15.650   0.810  -0.010
 5447   158  14.460   0.800   0.300
 5448   158  14.500   0.760   0.020
 5449   158  13.380   0.920  -0.260
 5450   158  13.130   1.300   0.750
 5451   158  14.910   0.790   0.090
 5452   158  15.060   0.650   0.470
 5453   158  13.770   1.680   1.350
 5454   158  13.440   1.540   1.410
 5455   158  13.310   1.460   1.010
 5456   158  16.590   0.330   0.190
 5457   158  15.930   0.840  -0.020
 5458   158  12.190   0.770   0.300
 5459   158  12.770   1.430   1.280
 5460   158  14.870   0.960         
 5461   158  16.850  -0.640  -0.110
 5462   158  15.200   0.670   0.120
 5463   158  15.760   0.770   0.280
 5464   158  15.390   0.760   0.500
 5465   158  14.540   0.710   0.530
 5466   158  15.830   0.330   0.430
 5467   158  15.370   0.840   0.590
 5468   158  15.860   0.550   0.440
 5469   158  12.230   0.770   0.220
 5470   158  15.220   1.000   1.000
 5471   158  16.660   0.320   0.270
 5472   158  13.980   1.550   1.210
 5473   158  13.850   0.660   0.010
 5474   158  15.020   1.050   0.250
 5475   158  15.740   0.670   0.970
 5476   158  13.320   0.710   0.360
 5477   158  15.510   1.290  -0.190
 5478   158  14.560   0.790   0.360
 5479   158  15.730   0.690   0.010
 5480   158  14.870   0.670   0.050
 5481   158  15.620   0.580   0.310
 5482   158  15.300   0.820   0.550
 5483   158  13.000   0.680   0.380
 5484   158  13.360   0.530   0.290
 5485   158  15.850   0.670   0.550
 5486   158  14.510   0.780   0.320
 5487   158  15.260   1.050   0.220
 5488   158  12.660   1.630   1.350
 5489   158  15.750   1.660  -0.270
 5490   158  15.030   0.590   0.450
 5491   158  15.560   1.290   0.800
 5492   158  14.830   0.710   0.490
 5493   158  15.850   1.500  -0.060
 5494   158  13.090   0.730  -0.210
 5495   158  16.010   0.870  -0.110
 5496   158  14.920   0.820   0.340
 5497   158  14.820   0.620   0.050
 5498   158  15.840   1.370   0.040
 5499   158  14.900   0.920   0.510
 5500   158  14.520   0.920   0.240
 5501   158  15.340   1.260  -0.150
 5502   158  12.930   0.920   0.280
 5503   158  16.220   0.410   2.080
 5504   158  15.590   0.830   0.160
 5505   158  15.000   1.900   0.270
 5506   158  13.940   0.700   0.240
 5507   158  13.470   0.610   0.360
 5508   158  13.540   0.780  -0.060
 5509   158  12.450   0.430   0.220
 5510   158  14.380   0.980   0.100
 5511   158  14.160   1.060   0.280
 5512   158  15.510   0.740   0.440
 5513   158  14.630   0.980   0.380
 5514   158  15.730   1.140   0.040
 5515   158  15.990   0.870   0.140
 5516   158  10.210   1.800   1.620
 5517   158  15.210   0.730   0.390
 5518   158  14.780   0.990   0.140
 5519   158  12.850   0.580   0.450
 5520   158  13.050   1.410   0.990
 5521   158  16.120   0.760   0.930
 5522   158  13.540   1.850   1.700
 5523   158  14.630   0.600   0.460
 5524   158  15.140   0.910   0.620
 5525   158  16.280   1.270   3.010
 5526   158  15.890   0.240   0.370
 5527   158  13.650   0.750   0.340
 5528   158  15.650   1.300   0.120
 5529   158  13.950   0.730   0.250
 5530   158  13.060   0.740  -0.120
 5531   158  15.320   1.070   0.750
 5532   158  14.760   0.880   0.220
 5533   158  14.090   0.590  -0.120
 5534   158  15.320   0.960  -0.140
 5535   158  15.880   1.130   0.050
 5536   158  15.840   1.490   0.100
 5537   158  13.940   1.200   0.760
 5538   158  14.280   0.920   0.430
 5539   158  15.050   0.700   1.000
 5540   158  15.470   0.440   0.140
 5541   158  15.990   0.750   1.460
 5542   158  14.980   0.880   0.880
 5543   158  15.730   0.560   0.350
 5544   158  14.740   1.120   0.370
 5545   158  12.650   0.640   0.380
 5546   158  15.770   0.690   0.430
 5547   158  13.150   0.700  -0.240
 5548   158  15.440   1.090   1.110
 5549   158  14.710   0.960   1.290
 5550   158  15.330   1.580   0.090
 5551   158  14.050   1.560   0.960
 5552   158  13.340   1.540   1.200
 5553   158  13.710   0.800   0.280
 5554   158  15.660   1.370  -0.050
 5555   158  16.140   1.280         
 5556   158  14.590   0.740   0.430
 5557   158  15.570   0.770   0.610
 5558   158  14.980   0.890   0.490
 5559   158  13.940   1.690   0.890
 5560   158  15.390   1.400   0.130
 5561   158  15.770   0.680   0.500
 5562   158  15.400   1.190  -0.040
 5563   158  15.130   0.810   0.260

