  No    Ref    V       B-V     U-B

 0001   158   7.580   0.460   0.020
 0002   158   8.720   0.290  -0.540
 0003   158   8.790   0.530   0.070
 0004   158  10.160   0.390  -0.110
 0005   158  10.200   0.210   0.170
 0006   158  10.290   0.430   0.050
 0007   158  10.700   0.540   0.080
 0008   158  10.620   0.260  -0.580
 0009   158  10.660   0.350  -0.500
 0010   158  11.440   0.560   0.460
 0011   158  11.730   0.350   0.270
 0012   158  12.150   0.370  -0.310
 0013   158  12.730   0.590   0.150
 0014   158  13.040   1.540   1.310
 0015   158  13.100   0.410  -0.290
 0016   158  13.140   0.660   0.070
 0017   158  13.120   1.620   1.750
 0018   158  13.410   0.470  -0.160
 0019   158  13.610   0.930   0.480
 0020   158  13.750   0.530   0.380
 0021   158  13.890   0.440  -0.140
 0022   158  14.100   0.550   0.220
 0023   158  14.320   0.540   0.350
 0024   158  14.640   0.660   0.290
 0025   158  14.660   0.570   0.340
 0026   158  14.710   0.650   0.070
 0028   158  15.210   0.530   0.380
 0029   158  15.610   0.720   0.270
 0030   158   9.520   1.680   1.920
 0031   158  10.590   0.410  -0.600
 0033   158  11.640   0.370  -0.010
 0034   158  11.810   0.370  -0.450
 0035   158  11.890   0.320  -0.470
 0036   158  11.850   0.360   0.120
 0037   158  11.980   0.320  -0.380
 0038   158  12.010   0.370  -0.410
 0039   158  11.970   0.420   0.240
 0040   158  12.150   0.370  -0.250
 0041   158  12.200   0.360  -0.440
 0042   158  12.280   0.600  -0.290
 0043   158  12.370   1.670   1.740
 0044   158  12.390   1.490   1.240
 0046   158  12.500   0.590   0.140
 0047   158  12.640   0.450   0.240
 0048   158  13.180   1.430   1.310
 0049   158  13.130   0.640  -0.140
 0050   158  13.330   0.440  -0.190
 0051   158  13.310   0.540  -0.120
 0052   158  13.450   1.330   1.070
 0053   158  13.570   0.730   0.380
 0054   158  13.550   0.450   0.030
 0055   158  13.550   0.600  -0.250
 0056   158  13.660   1.380   1.190
 0057   158  13.770   0.620  -0.040
 0058   158  14.020   0.650   0.210
 0059   158  13.890   0.460  -0.180
 0060   158  13.930   0.480  -0.050
 0061   158  13.940   0.850   0.280
 0062   158  15.050   0.680   0.210
 0063   158  13.960   0.500   0.120
 0064   158  13.980   0.550  -0.270
 0065   158  14.080   1.600   1.270
 0066   158  14.110   0.660   0.020
 0067   158  14.250   0.950   0.460
 0068   158  14.160   0.380  -0.060
 0069   158  14.270   1.000   0.360
 0070   158  14.480   0.930   0.670
 0071   158  14.410   0.610   0.450
 0072   158  14.410   0.640   0.440
 0073   158  14.420   0.500         
 0075   158  14.620   0.600   0.100
 0076   158  14.610   0.500  -0.130
 0078   158  14.690   0.450   0.080
 0079   158  14.790   0.630   0.350
 0080   158  14.770   0.530   0.220
 0081   158  14.890   1.000   0.680
 0082   158  14.930   0.830   0.380
 0083   158  14.820   0.490   0.190
 0084   158  14.880   0.640   0.020
 0085   158  14.880   0.770   0.240
 0087   158  14.960   0.720   0.530
 0088   158  15.030   1.350   0.690
 0090   158  14.990   0.570   0.200
 0091   158  15.060   0.960   0.350
 0092   158  15.030   0.840   0.220
 0093   158  15.080   1.090   0.430
 0094   158  15.080   0.550   0.220
 0095   158  15.120   0.700   0.450
 0096   158  15.200   0.610   0.580
 0099   158  15.310   0.850   0.100
 0100   158  15.120   0.600   0.370
 0101   158  15.290   0.980   0.250
 0102   158  15.200   0.640   0.160
 0103   158  15.290   1.040   0.490
 0104   158  15.290   0.630   0.330
 0105   158  15.230   0.560   0.110
 0106   158  15.310   0.560   0.470
 0107   158  15.220   0.800   0.480
 0108   158  15.400   0.850   0.290
 0109   158  15.480   1.000   0.330
 0110   158  15.450   0.630   0.340
 0111   158  15.560   0.750   0.170
 0112   158  15.450   0.820   0.190
 0114   158  15.510   0.650   0.530
 0115   158  15.600   0.670   0.580
 0116   158  15.730   1.010   0.680
 0117   158  15.760   1.040   0.230
 0118   158  15.530   1.120   0.030
 0119   158  15.720   0.630   0.260
 0121   158  15.720   0.510   0.570
 0122   158  15.610   0.800   0.290
 0123   158  15.660   0.750   0.150
 0126   158  15.710   0.800   0.650
 0128   158  15.790   0.870   0.520
 0130   158  15.860   1.050   0.190
 0133   158  15.640   0.940   0.430
 0135   158  10.340   0.310  -0.560
 0136   158  10.410   0.510  -0.420
 0138   158  11.250   0.350  -0.490
 0139   158  11.550   0.450  -0.320
 0140   158  11.370   0.490   0.020
 0141   158  11.320   0.340  -0.030
 0142   158  11.770   0.500  -0.410
 0143   158  11.990   0.280  -0.130
 0144   158  12.470   0.460   0.020
 0145   158  12.640   0.340  -0.310
 0147   158  12.900   0.400  -0.110
 0150   158  13.330   0.390   0.050
 0151   158  13.720   0.510  -0.280
 0152   158  14.040   0.540  -0.160
 0153   158  14.280   0.460  -0.040
 0154   158  14.250   0.580  -0.070
 0155   158  14.570   0.500         
 0156   158  15.630   0.540  -0.120
 0157   158  12.870   1.470   1.080
 0158   158  12.440   0.510   0.380
 0161   158  12.180   0.600  -0.070
 0162   158  11.490   0.460   0.010
 0169   158  12.910   1.420   1.200
 0170   158  12.750   0.490   0.340
 0171   158   9.780   1.570   1.530
 0172   158  12.160   1.610   1.650
 0173   158  13.510   0.640   0.430
 0177   158  12.370   0.630   0.160
 0178   158  11.600   0.540   0.020
 0180   158  11.610   0.530   0.180
 0181   158  12.780   1.850   2.090
 0182   158  12.980   1.560   1.310
 0183   158  12.390   1.500   1.400
 0184   158  11.050   0.270   0.180
 0189   158  14.270   0.690   0.400
 0190   158  12.900   1.500   1.350
 0191   158  12.280   0.580   0.070
 0192   158  12.620   0.410   0.260
 0194   158  12.510   1.060   0.680
 0195   158  11.860   0.380   0.250
 0196   158  12.730   0.710   0.290
 0197   158  12.730   1.270   0.770
 0198   158  10.700   0.850   0.350
 0199   158  12.440   0.720   0.210
 0203   158  14.070   0.570   0.400
 0205   158  15.270   0.890   0.320
 0210   158  14.580   0.930   0.360
 0211   158  13.810   0.570   0.340
 0216   158  14.030   0.840   0.260
 0224   158  15.710   0.820   0.170
 0231   158  14.990   0.640   0.520
 0233   158  14.270   1.290   0.860
 0287   158  16.130   0.730   0.410
 0288   158  14.750   1.320   0.880
 0293   158  14.670   1.000   0.510
 0294   158  14.840   0.640   0.360
 0295   158  15.430   0.690   0.190
 0297   158  13.610   1.790   1.650
 0320   158  15.820   0.850   0.450
 0321   158  15.060   1.040   0.310
 0329   158  14.310   0.930   0.290
 0331   158  15.280   0.870   0.420
 0342   158  12.940   0.350   0.180
 0343   158  16.170   0.680   0.090
 0344   158  13.500   0.460   0.300
 0347   158  12.700   0.550   0.070
 0349   158  14.820   0.860   0.360
 0350   158  14.420   1.040   0.450
 1101   158  15.680   1.020   0.530
 1102   158  15.510   0.880   0.450
 1105   158  15.000   0.950   0.280
 1107   158  15.170   1.000   0.360
 1108   158  13.190   0.600   0.450
 1109   158  15.420   0.660   0.630
 1110   158  15.450   0.870   0.410
 1111   158  15.650   0.800   0.420
 1114   158  15.340   1.430   0.460
 1116   158  15.730   0.780   0.560
 1117   158  15.520   0.990   0.140
 1121   158  13.980   0.920   0.310
 1122   158  13.120   0.650   0.500
 1123   158  15.410   0.850   0.430
 1130   158  13.590   0.560   0.220
 1131   158  14.710   0.520   0.160
 1139   158  16.160   0.740   0.400
 1144   158  15.530   0.810   0.040
 1145   158  15.620   1.280   0.210
 1148   158  15.350   1.120   0.660
 1150   158  14.560   0.610   0.450
 1151   158  14.430   0.820   0.190
 1153   158  13.910   0.880   0.330
 1154   158  14.070   0.970   0.440
 1155   158  13.210   0.630   0.510
 1158   158  13.480   0.810   0.270
 1203   158  13.130   1.450   1.190
 1209   158  15.340   0.740   0.220
 1214   158  15.190   0.880   0.580
 1225   158  14.070   0.820   0.360
 1227   158  16.360   0.590   0.420
 1228   158  14.980   0.540   0.340
 1234   158  15.390   1.040   0.390
 1240   158  14.120   1.520   1.230
 1243   158  15.070   0.510   0.190
 1249   158  15.310   1.060   0.560
 1251   158  15.310   0.520   0.300
 1252   158  12.410   1.740   1.970
 1255   158  16.000   0.720   0.430
 1257   158  15.770   0.930   0.330
 1260   158  15.260   0.720   0.480
 1263   158  15.470   0.860   0.390
 1264   158  14.660   0.750   0.400
 1265   158  14.200   0.770   0.330
 1266   158  15.470   0.690   0.590
 1270   158  15.370   0.620   0.530
 1271   158  13.580   0.670   0.030
 1272   158  14.850   1.020   0.460
 1273   158  13.110   0.680   0.120
 1274   158  15.400   0.700   0.330
 1277   158  14.340   0.520   0.440
 1279   158  14.550   0.620   0.320
 1302   158  13.810   0.670   0.400
 1304   158  13.710   1.340   0.890
 1306   158  13.370   0.450   0.230
 1308   158  16.210   0.750   0.700
 1315   158  16.060   1.120   0.040
 1316   158  14.510   1.510   1.310
 1318   158  15.430   0.500   0.600
 1335   158  14.910   0.910   0.470
 1341   158  14.530   0.580   0.380
 1342   158  13.940   0.810   0.240
 1347   158  14.540   1.420   1.280
 1353   158  14.020   1.390   1.040
 1354   158  15.000   0.700   0.360
 1355   158  14.800   0.940   0.260
 1358   158  15.110   0.620   0.250
 1361   158  14.250   1.540   1.120
 1364   158  15.720   0.710   0.370
 1366   158  14.760   0.900   0.410
 1367   158  14.690   0.920   0.420
 1368   158  13.900   1.230   1.180
 1369   158  15.400   0.860   0.410
 1371   158  13.750   0.450   0.210
 2105   158  13.390   0.600   0.470
 2106   158  16.240   1.330   0.140
 2107   158  15.400   0.980   0.540
 2108   158  14.640   1.030   0.520
 2109   158  15.870   0.950   0.500
 2111   158  15.670   1.030   0.280
 2112   158  15.240   1.050   0.610
 2114   158  15.750   1.000   0.210
 2116   158  15.480   0.920   0.200
 2118   158  15.670   0.830   0.090
 2120   158  15.790   1.310  -0.080
 2121   158  15.950   1.040   0.160
 2125   158  15.450   1.010   0.400
 2128   158  14.540   0.790   0.030
 2129   158  13.530   0.740   0.210
 2130   158  14.380   0.690   0.320
 2137   158  15.540   1.050   0.410
 2151   158  16.100   1.280   0.350
 2154   158  15.860   1.150   0.140
 2207   158  15.760   0.770   0.440
 2209   158  15.830   1.000   0.350
 2211   158  15.050   0.680   0.420
 2220   158  14.960   0.470   0.210
 2228   158  16.000   0.800   0.320
 2245   158  15.510   1.180   0.780
 2249   158  14.720   1.550   0.510
 2255   158  14.550   1.280   0.940
 2258   158  15.020   0.900   0.380
 2264   158  15.750   0.910   0.790
 2268   158  14.410   0.630   0.010
 2269   158  15.560   0.870   0.290
 2275   158  14.980   0.650   0.490
 2282   158  14.880   0.560   0.330
 2284   158  14.850   0.730   0.280
 2291   158  14.450   0.620   0.400
 2292   158  14.580   0.600   0.140
 2301   158  16.080   0.880   0.380
 2305   158  15.490   0.980   0.140
 2306   158  14.010   0.650   0.420
 2310   158  13.710   0.810   0.360
 2311   158  13.410   0.860   0.340
 2318   158  15.040   0.970   0.250
 2319   158  15.940   0.960   0.160
 2325   158  15.370   1.060   0.400
 2326   158  14.230   0.840  -0.110
 2331   158  15.650   1.110   0.320
 2337   158  14.550   0.940   0.330
 2338   158  13.540   1.430   1.210
 2342   158  13.980   0.740   0.170
 2343   158  14.510   0.990   0.430
 2344   158  14.980   0.780   0.430
 2348   158  14.780   1.290   0.670
 2350   158  15.540   0.760   0.380
 2351   158  15.320   0.920   0.310
 3101   158  13.560   1.600   1.290
 3103   158  15.330   1.270   0.620
 3104   158  15.160   1.060   0.450
 3107   158  15.260   1.050   0.290
 3108   158  15.700   0.760   0.700
 3109   158  15.060   0.820   0.440
 3110   158  14.980   0.860   0.300
 3112   158  15.620   0.970   0.310
 3115   158  14.090   1.470   1.270
 3116   158  13.870   0.800   0.190
 3118   158  13.920   0.750   0.170
 3120   158  15.350   0.920   0.230
 3121   158  15.230   0.890   0.350
 3127   158  14.820   1.030   0.550
 3129   158  15.380   1.130   0.360
 3131   158  14.840   1.010   0.380
 3132   158  15.600   0.750   0.650
 3133   158  14.470   0.950   0.590
 3137   158  15.170   0.910   0.300
 3138   158  13.920   0.730   0.500
 3203   158  15.070   0.830   0.410
 3205   158  15.200   0.830   0.410
 3206   158  14.890   1.020   0.440
 3208   158  15.690   1.000   0.290
 3209   158  14.820   1.070   0.540
 3210   158  15.510   0.870   0.440
 3211   158  15.250   1.350   0.100
 3214   158  13.690   1.100   0.940
 3216   158  15.670   0.880   0.440
 3217   158  14.750   0.910   0.230
 3220   158  14.040   0.850   0.260
 3221   158  15.210   1.070   0.520
 3222   158  15.570   0.870   0.440
 3224   158  15.390   1.050   0.410
 3225   158  14.940   0.740   0.380
 3226   158  15.680   0.860   0.560
 3233   158  13.450   0.860   0.290
 3238   158  14.890   0.770   0.420
 3239   158  14.720   0.740   0.500
 3241   158  13.900   0.730   0.110
 3242   158  13.990   1.610   1.430
 3247   158  15.220   0.820   0.210
 3248   158  15.850   1.150   0.560
 3250   158  15.350   0.940   0.230
 3251   158  16.060   0.880   0.790
 3253   158  14.660   0.810   0.230
 3255   158  15.340   0.940   0.190
 3256   158  13.410   1.530   1.450
 3258   158  15.660   0.950  -0.030
 3259   158  14.520   0.810   0.030
 3265   158  15.200   0.910   0.260
 3302   158  14.100   1.390   1.190
 3304   158  15.530   0.860   0.360
 3305   158  13.440   0.660   0.340
 3306   158  15.580   0.690   0.280
 3308   158  14.980   0.980   0.300
 3314   158  14.210   0.730   0.430
 3316   158  15.410   0.720   0.380
 3317   158  14.780   0.920   0.430
 3318   158  14.560   1.020   0.430
 3328   158  14.980   0.700   0.380
 3329   158  16.420   0.790   0.490
 3332   158  15.020   0.720   0.380
 3333   158  15.180   0.940   0.420
 3337   158  12.410   0.620   0.310
 3342   158  15.470   1.020   0.440
 3343   158  16.040   0.580   0.300
 3344   158  14.970   0.700   0.200
 3345   158  15.090   0.460   0.320
 3346   158  14.670   0.880   0.410
 3347   158  15.180   0.850   0.140
 3349   158  15.700   0.850   0.150
 3351   158  15.540   0.870   0.540
 3356   158  13.010   0.630   0.370
 3357   158  16.240   0.760   0.280
 3358   158  13.390   0.630   0.340
 3361   158  16.010   0.890   0.190
 3362   158  15.520   0.720   0.410
 3364   158  13.640   1.550   1.490
 4168   158  14.900   0.820   0.460
 4202   158  14.360   0.800   0.380
 4208   158  12.840   0.630   0.460
 4213   158  13.910   0.650   0.010
 4218   158  15.310   0.920   0.560
 4221   158  14.790   1.030   0.440
 4223   158  14.530   0.880   0.200
 4235   158  15.770   1.220   0.290
 4238   158  13.750   1.640   1.410
 4240   158  15.550   0.990   0.390
 4245   158  14.240   0.990   0.400
 4248   158  13.760   0.820   0.380
 4250   158  12.970   0.590   0.130
 4255   158  13.210   0.680   0.140
 4257   158  13.860   1.520   1.410
 4259   158  15.320   0.910   0.240
 4260   158  15.040   0.910   0.310
 4261   158  14.310   0.760   0.680
 4262   158  15.230   0.850   0.450
 4265   158  15.470   0.910   0.740
 4269   158  15.690   0.810   0.430
 4270   158  12.970   1.450   1.260
 4271   158  15.670   0.980   0.440
 4272   158  15.250   1.020   0.620
 4275   158  13.400   0.750   0.560
 4277   158  14.830   1.010   0.510
 4280   158  15.600   0.700   0.520
 4281   158  15.540   0.990   0.240
 4282   158  15.390   0.840   0.590
 4283   158  13.460   0.520   0.110
 4284   158  15.410   0.830   0.580
 4286   158  15.020   1.100   0.410
 4290   158  14.780   0.880   0.280
 4291   158  13.790   0.820   0.360
 4292   158  16.140   0.880   0.530
 4296   158  13.020   0.710   0.540
 4298   158  14.020   0.800   0.290
 4299   158  14.910   0.930   0.340
 4310   158  15.580   0.890   0.680
 4311   158  15.010   1.310   1.080
 4315   158  14.880   0.810   0.370
 4316   158  16.020   0.830   0.560
 4317   158  13.540   0.710   0.220
 4319   158  15.640   0.930   0.260
 4374   158  15.450   0.810   0.460
 4387   158  14.800   1.040   0.430
 4404   158  13.130   0.700   0.120
 4405   158  15.510   0.660  -0.020
 4445   158  14.650   0.970   0.440
 4446   158  14.940   0.800   0.450
 4447   158  15.810   0.920   0.700
 4448   158  15.310   0.950   0.500
 4455   158  13.940   0.710   0.460
 4456   158  15.560   0.840   0.440
 4457   158  15.280   1.090   0.420
 4460   158  14.380   0.770   0.470
 4463   158  15.010   0.510   0.270
 4508   158  14.380   0.950   0.570
 4509   158  14.510   0.690   0.360
 4512   158  13.920   0.610   0.400
 4527   158  15.570   0.990   0.290
 4529   158  15.360   1.020   0.560
 4532   158  14.210   0.780   0.320
 4535   158  15.660   0.780   0.370
 4539   158  14.840   0.780   0.310
 4540   158  14.560   0.680   0.390
 4541   158  15.380   0.700   0.530
 4546   158  13.350   0.810   0.320
 4547   158  13.400   0.450   0.310
 4549   158  15.560   1.070   0.060
 4552   158  15.390   1.000   0.610
 4554   158  15.690   0.920   0.120
 4555   158  13.310   0.950   0.460
 4556   158  14.880   0.910   0.420
 4570   158  12.600   1.280   0.930
 4577   158  15.170   0.930   0.260
 4579   158  15.150   0.640   0.490
 4581   158  15.660   1.110   0.410
 4582   158  14.690   1.260   1.120
 4583   158  14.900   0.970   0.350
 4585   158  15.300   0.930   0.280
 4589   158  15.710   0.750   0.620
 4591   158  15.660   0.920   0.100
 4592   158  15.840   0.580   0.410
 4594   158  13.820   0.640   0.310
 4601   158  15.790   0.860   0.310
 4602   158  15.100   0.750   0.490
 4604   158  14.630   0.740   0.140
 4606   158  12.300   1.530   1.530
 4607   158  13.940   0.810   0.150
 4612   158  16.060   0.830   0.270
 4613   158  14.920   0.830   0.330
 4616   158  14.510   0.940   0.580
 4618   158  15.140   0.940   0.120
 4622   158  14.420   0.680   0.420
 4626   158  15.650   1.020   0.280
 4628   158  15.700   0.680   0.490
 4632   158  15.480   0.650   0.340
 4634   158  15.540   0.690   0.380
 4635   158  13.050   0.940   0.680
 4636   158  12.830   0.400   0.150
 4642   158  15.040   0.770   0.450
 4643   158  15.290   1.010   0.510
 4644   158  15.150   0.980   0.410
 4645   158  13.820   0.550   0.300
 4646   158  15.270   0.500   0.400
 4647   158  16.090   0.760   0.320
 4649   158  15.760   0.810   0.270
 4650   158  13.840   1.410   1.270
 4658   158  16.060   0.790   0.430
 4660   158  15.270   0.960   0.150
 4662   158  15.510   1.000   0.290
 4664   158  13.390   0.580   0.420
 4666   158  14.810   0.550   0.260
 4667   158  14.500   0.670   0.460
 4668   158  13.290   1.470   1.240
 4672   158  15.480   0.580   0.380
 4673   158  15.680   0.670   0.380
 4675   158  15.280   0.670   0.260
 4677   158  15.710   0.920   0.190
 4679   158  15.440   0.960   0.220
 4685   158  14.950   0.700   0.290
 5034   158  14.690   0.830   0.280
 5082   158  12.540   0.580   0.300
 5083   158  13.080   0.510   0.100
 5111   158  15.800   0.660   0.260
 5113   158  14.860   0.600  -0.220
 5117   158  16.020   0.700   0.640
 5177   158  15.530   1.140   0.500
 5180   158  15.390   0.930   0.500
 5197   158  15.820   0.610   0.050
 5209   158  14.880   1.170   1.030
 5229   158  14.900   0.770   0.210
 5239   158  15.200   0.670   0.430
 5255   158  14.570   0.720   0.250
 5293   158  15.110   1.200   0.610
 5301   158  15.010   0.820   0.160
 5303   158  15.810   0.980   0.240
 5345   158  15.600   1.090   0.320
 5408   158  15.760   0.670   0.460
 5428   158  15.150   0.930   0.410
 5429   158  15.590   0.800   0.330
 5438   158  15.080   1.060   0.310
 5439   158  14.750   0.650   0.330
 5443   158  15.690   0.980   0.220
 5447   158  15.280   1.000   0.270
 5455   158  14.200   0.560   0.310
 5461   158  13.740   0.790   0.200
 5470   158  15.230   0.830   0.370
 5476   158  11.190   0.620   0.070
 5483   158  14.600   1.290   1.090
 5485   158  15.300   0.790   0.410
 5487   158  15.710   0.890   0.320
 5488   158  14.980   0.950   0.350
 5489   158  13.580   0.510   0.420
 5492   158  15.170   0.600   0.280
 5495   158  13.350   1.670   1.530
 5496   158  14.820   0.520   0.080
 5499   158  15.850   0.850   0.310
 5501   158  15.870   0.820   0.340
 5503   158  15.440   1.040   0.360
 5505   158  13.990   0.900   0.380
 5506   158  15.360   0.720   0.310
 5508   158  14.080   0.840   0.250
 5511   158  10.670   1.180   0.960
 5514   158  13.980   0.790   0.250
 5518   158  13.430   0.990   0.450
 5519   158  13.930   0.930   0.530
 5520   158  12.740   1.880   2.090
 5521   158  15.000   0.700   0.560
 5522   158  12.540   0.550  -0.190
 5523   158  13.660   0.740   0.060
 5524   158  14.860   0.870   0.310
 5525   158  14.090   0.830   0.300
 5526   158  15.220   0.810   0.300
 5527   158  15.570   1.160   0.360
 5528   158  14.180   1.260   0.760
 5529   158  13.450   0.700   0.480
 5530   158  15.530   1.040   0.510
 5531   158  15.300   0.870   0.360
 5532   158  15.900   1.320   0.180
 5533   158  15.070   0.530   0.320
 5534   158  15.280   0.960   0.340
 5535   158  13.630   0.480   0.300
 5536   158  15.790   1.020   0.380
 5537   158  15.050   0.670   0.320
 5538   158  14.530   0.930   0.450
 5539   158  15.110   1.060   0.310
 5540   158  14.020   1.360   1.100
 5541   158  15.740   0.800   0.170
 5542   158  14.980   0.940   0.330
 5543   158  11.510   1.870   1.840
 5544   158  15.240   0.960   0.330
 5545   158  12.630   0.780   0.450
 5546   158  14.880   0.580   0.370
 5547   158  15.200   0.680   0.300
 5548   158  14.890   0.730   0.370
 5549   158  13.530   0.710   0.390
 5550   158  16.020   0.920   0.180
 5551   158  15.430   0.920   0.290
 5552   158  15.060   0.770   0.490
 5553   158  14.960   0.810   0.430
 5554   158  13.940   0.630   0.420
 5555   158  15.580   1.150   0.620
 5556   158  12.980   1.420   1.160
 5557   158  14.210   0.700  -0.140
 5558   158  14.720   0.890   0.420
 5559   158  14.920   0.930   0.490
 5560   158  15.310   0.700   0.380
 5561   158  14.510   0.620   0.330
 5562   158  15.550   0.740   0.460
 5563   158  14.770   0.940   0.300
 5564   158  10.770   1.980   2.370
 5565   158  14.130   1.450   1.120
 5566   158  13.530   0.810   0.190
 5567   158  12.240   0.680   0.120
 5568   158  12.940   0.400   0.140
 5569   158  15.390   0.900   0.140
 5570   158  11.770   1.390   1.270
 5571   158  14.120   1.010   0.530
 5572   158  15.710   0.760   0.230
 5573   158  15.340   0.640   0.340
 5574   158  15.380   1.160   0.140
 5575   158  13.240   1.490   1.290
 5576   158  14.860   1.260   0.760
 5577   158  14.060   0.790   0.460
 5578   158  15.510   0.840   0.130
 5579   158  14.810   1.260   0.790
 5580   158  15.560   0.850   0.170
 5581   158  13.920   0.710   0.100
 5582   158  16.060   0.960   0.160
 5583   158  14.120   0.740   0.150
 5584   158  15.250   0.950   0.310
 5585   158  14.690   0.760   0.230
 5586   158  15.790   0.710   0.450
 5587   158  15.840   0.750   0.420
 5588   158  13.880   0.540   0.340
 5589   158  15.600   1.080   0.310
 5590   158  14.580   0.630   0.390
 5591   158  15.360   1.040   0.150
 5592   158  12.940   1.350   1.040
 5593   158  10.780   0.400   0.180
 5594   158  14.020   0.900   0.290
 5595   158  12.750   1.540   1.450
 5596   158  10.070   0.500  -0.010
 5597   158  14.290   0.840   0.230
 5598   158  14.380   0.550   0.040
 5599   158  13.810   0.510   0.280
 5600   158  14.990   0.770   0.320
 5601   158  14.950   0.920   0.360
 5602   158  13.480   0.520         
 5603   158  15.970   0.910   0.280
 5604   158  13.980   0.680   0.270
 5605   158  15.820   1.000   0.500
 5606   158  15.530   0.800   0.340
 5607   158  14.740   1.020   0.720
 5608   158  15.410   0.960   0.050
 5609   158  14.420   0.790   0.310
 5610   158  14.820   0.400   0.600
 5611   158  13.520   1.550   1.700
 5612   158  13.980   0.810   0.250
 5613   158  16.030   0.960   0.260
 5614   158  14.510   0.760   0.470
 5615   158  12.780   0.380   0.240
 5616   158  14.220   0.680   0.270
 5617   158  15.150   0.790   0.310
 5618   158  13.700   0.600   0.410
 5619   158  15.200   1.040   0.370
 5620   158  15.720   0.750   0.170
 5621   158  12.560   1.440   1.380
 5622   158  15.660   0.890   0.360
 5623   158  14.840   0.920   0.370
 5624   158  13.820   0.470   0.280
 5625   158  12.950   0.690   0.360
 5626   158  15.360   0.760   0.680
 5627   158  14.120   0.770   0.260
 5628   158  13.970   1.080   0.660
 5629   158  13.940   0.590   0.430
 5630   158  14.390   1.280   0.860
 5631   158  13.780   1.620   1.390
 5632   158  15.160   0.830   0.450
 5633   158  14.140   0.770   0.310
 5634   158  14.410   0.670   0.430
 5635   158  14.950   0.570   0.370
 5636   158  14.810   0.850   0.370
 5637   158  15.560   0.980   0.160
 5638   158  14.680   0.620  -0.080
 5639   158  15.030   0.650   0.640
 5640   158  14.440   0.650   0.070
 5641   158  13.400   0.520   0.050
 5642   158  15.510   0.690   0.320
 5643   158  14.340   0.700   0.410
 5644   158  13.460   0.570  -0.130
 5645   158  15.580   0.920   0.310
 5646   158  11.570   0.410   0.140
 5647   158  15.490   0.690   0.160
 5648   158  14.630   0.890   0.410
 5649   158  14.230   0.850   0.280
 5650   158  15.610   0.920   0.150
 5651   158  13.280   0.800   0.290
 5652   158  15.520   0.680  -0.040
 5653   158  15.730   1.030   0.130
 5654   158  14.530   0.690  -0.060
 5655   158  14.750   0.950   0.410
 5656   158  14.650   0.790   0.260
 5657   158  14.210   0.890   0.350
 5658   158  15.420   1.000   0.370
 5659   158  13.680   1.460   1.220
 5660   158  15.350   0.810   0.310
 5661   158  15.620   0.990   0.340
 5662   158  13.750   0.730   0.190
 5663   158  14.460   0.890   0.370
 5664   158  15.670   0.730   0.490
 5665   158  13.120   0.810   0.250
 5666   158  11.260   0.350  -0.100
 5667   158  11.310   1.780   2.130
 5668   158  15.080   1.020   0.470
 5669   158  15.270   1.090   0.020
 5670   158  15.360   0.700   0.430
 5671   158  15.010   0.790   0.140
 5672   158  15.450   1.000   0.370
 5673   158  15.480   1.070   0.540
 5674   158  15.660   0.790   0.170
 5675   158  15.780   0.860   0.320
 5676   158  14.520   0.560   0.190
 5677   158  13.780   0.860   0.250
 5678   158  11.330   0.400   0.270
 5679   158  15.410   0.760   0.400
 5680   158  14.370   1.450   1.200
 5681   158   9.810   0.310  -0.070
 5682   158  14.770   0.940   0.380
 5683   158  14.460   0.840   0.380
 5684   158  15.010   0.980   0.620
 5685   158  14.890   0.840   0.430
 5686   158  15.720   1.230   0.220
 5687   158  13.750   0.750   0.220
 5688   158  13.420   0.520   0.340
 5689   158  15.220   0.970   0.700
 5690   158  14.290   0.870   0.410
 5691   158  15.030   0.560   0.410
 5692   158  15.080   0.830   0.600
 5693   158  15.900   0.880   0.240
 5694   158  14.760   0.890   0.350
 5695   158  13.980   1.390   1.050
 5696   158  15.550   0.870   0.810
 5697   158  14.960   0.960   0.350
 5698   158  15.060   0.780   0.340
 5699   158  13.810   0.840   0.290
 5700   158  15.550   0.920   0.240
 5701   158  13.880   1.230   0.750
 5702   158  13.770   0.900   0.460
 5703   158  12.120   0.460   0.320
 5704   158  14.240   0.710   0.320
 5705   158  14.230   0.600  -0.040
 5706   158  14.210   0.730   0.380
 5707   158  15.240   0.990   0.390
 5708   158  14.900   0.800   0.420
 5709   158  15.860   1.030   0.350
 5710   158  14.100   0.770   0.260
 5711   158  15.560   1.230   0.330
 5712   158  15.200   0.900   0.300
 5713   158  12.420   1.900   2.060
 5714   158  13.980   0.990   0.550
 5715   158  14.960   1.030   0.430
 5716   158  12.640   1.540   1.660
 5717   158  15.260   0.980   0.220
 5718   158  14.280   0.810   0.320
 5719   158  15.680   0.960   0.350
 5720   158  13.820   0.770   0.250
 5721   158  15.280   0.840   0.250
 5722   158  15.190   0.730   0.280
 5723   158  12.940   1.430   1.150
 5724   158  14.980   0.850   0.200
 5725   158  13.250   0.580   0.440
 5726   158  11.760   0.330  -0.100
 5727   158  15.450   0.890   0.500
 5728   158  13.450   0.510  -0.230
 5729   158  11.630   0.680   0.190
 5730   158  15.840   0.820   0.100
 5731   158  15.540   0.860   0.190
 5732   158  14.510   0.940   0.440
 5733   158  15.790   0.630   0.330
 5734   158  15.590   1.060   0.340
 5735   158  13.100   0.620   0.130
 5736   158  13.220   0.830   0.250
 5737   158  15.410   1.080   0.630
 5738   158  16.110   0.750   0.380
 5739   158  14.820   0.840   0.330
 5740   158  14.880   0.990   0.270
 5741   158  13.940   0.750   0.170
 5742   158  15.470   0.730   0.460
 5743   158  14.300   0.560   0.120
 5744   158  13.680   0.870   0.370
 5745   158  12.460   0.550   0.090
 5746   158  15.980   0.790   0.470
 5747   158  16.110   0.800   0.280
 5748   158  15.520   0.770   0.260
 5749   158  15.440   0.590   0.490
 5750   158  14.650   0.630   0.330
 5751   158  14.720   0.950   0.300
 5752   158  15.380   0.520   0.440
 5753   158  14.280   0.830   0.290
 5754   158  15.440   0.890   0.330
 5755   158  10.610   0.260  -0.590
 5756   158  13.370   0.840   0.410
 5757   158  15.990   0.850   0.410
 5758   158  13.160   1.390   1.070
 5759   158  10.480   0.330  -0.240
 5760   158  15.110   0.950   0.240
 5761   158  10.980   0.340  -0.160
 5762   158  16.070   1.140   0.450
 5763   158  13.900   0.820   0.130
 5764   158  15.530   0.900   0.260
 5765   158  15.230   0.880   0.340
 5766   158  13.610   1.460   1.010
 5767   158  14.970   0.830   0.340
 5768   158  15.110   0.680   0.370
 5769   158  15.770   0.800   0.100
 5770   158  15.670   0.930   0.340
 5771   158  15.300   0.870   0.380
 5772   158  15.580   0.930   0.100
 5773   158  10.290   1.230   1.090
 5774   158  15.480   0.710   0.440
 5775   158  15.520   0.760   0.450
 5776   158  15.260   0.810   0.320
 5777   158  15.430   0.550   0.400
 5778   158  13.520   0.560   0.190
 5779   158  15.550   0.880   0.300
 5780   158  14.050   0.730   0.360
 5781   158  15.430   0.830   0.150
 5782   158  14.880   0.980   0.280
 5783   158  15.190   1.080   0.750
 5784   158  14.090   0.650  -0.140
 5785   158  15.010   1.090   0.490
 5786   158  13.460   1.460   1.270
 5787   158  14.670   0.990   0.490
 5788   158  14.230   0.630   0.430
 5789   158  13.260   0.560   0.170
 5790   158  14.900   0.980   0.300
 5791   158  12.330   0.510   0.100
 5792   158  14.300   0.420   0.150
 5793   158  14.630   0.760   0.510
 5794   158  14.730   0.990   0.310
 5795   158  14.320   0.870   0.080
 5796   158  12.350   0.860   0.420
 5797   158  15.820   0.960   0.120
 5798   158  14.770   1.070   0.740
 5799   158  14.380   0.970   0.540
 5800   158  16.020   0.950   0.320
 5801   158  12.830   0.940   0.600
 5802   158  14.690   1.140   0.720
 5803   158  13.240   0.560   0.360
 5804   158  10.600   0.460   0.150
 5805   158  14.640   1.040   0.460
 5806   158  14.590   0.690   0.510
 5807   158  15.380   0.680   0.450
 5808   158  12.790   1.400   1.090
 5809   158  14.790   0.680   0.460
 5810   158  14.800   0.710   0.430
 5811   158  15.780   0.660   0.400
 5812   158  13.310   0.430   0.260
 5813   158  14.720   0.930   0.550
 5814   158  14.480   0.930   0.330
 5815   158  14.110   0.830   0.490
 5816   158  12.270   0.540   0.130
 5817   158  15.750   0.940   0.680
 5818   158  15.920   0.760   0.280
 5819   158  14.160   0.810   0.280
 5820   158  13.850   0.780   0.220
 5821   158  14.420   1.220   0.710
 5822   158  15.470   0.920   0.240
 5823   158  13.130   1.380   1.170
 5824   158  13.900   1.460   1.300
 5825   158  14.840   0.640   0.390
 5826   158  13.280   0.750   0.240
 5827   158  13.910   0.650   0.350
 5828   158  15.920   1.080   0.190
 5829   158  15.090   0.850   0.500
 5830   158  14.960   0.880   0.570
 5831   158  14.650   0.650   0.590
 5832   158  14.220   0.820   0.190
 5833   158  13.310   1.520   1.280
 5835   158  13.020   0.540  -0.280
 5836   158  14.180   0.770   0.200
 5837   158  14.470   0.810   0.320
 5838   158  15.370   0.980   0.190
 5840   158  15.120   0.750   0.420
 5841   158  15.460   0.880   0.380
 5846   158  15.200   1.020   0.320
 5847   158  15.480   0.620   0.170
 5853   158  15.290   0.710   0.360
 5854   158  15.450   0.820   0.380
 5855   158  15.350   0.900   0.220
 5857   158  14.280   0.860   0.240
 5859   158  12.700   0.750   0.200
 5861   158  15.500   1.010   0.150
 5863   158  14.910   0.850   0.190
 5865   158  15.270   0.960   0.260
 5869   158  14.300   0.640   0.380
 5870   158  13.710   0.860   0.370
 5886   158  14.360   1.010   0.480
 5889   158  15.480   0.870   0.700

