 No    Ref    V       B-V     U-B

 0001   445  13.658   0.119         
 0002   445  13.318   0.083         
 0003   445  14.812   0.346         
 0004   445  13.724   0.155         
 0005   445  13.915   0.509         
 0006   445  12.605   0.073         
 0007   445  14.275   0.225         
 0008   445  13.000   0.059         
 0009   445  14.556   1.103         
 0010   445  12.756   0.403         
 0011   445  11.653   0.031         
 0012   445  11.505   0.249         
 0013   445  11.530   0.057         
 0014   445  13.412   0.121         
 0015   445  14.158   0.106         
 0016   445  12.620   0.690         
 0017   445  11.966  -0.009         
 0018   445  11.885   0.006         
 0019   445  13.958   0.139         
 0020   445  14.528   0.275         
 0021   445  14.283   0.644         
 0022   445  13.191   0.103         
 0023   445  13.732   0.150         
 0024   445  13.644   0.133         
 0025   445  15.155   0.322         
 0026   445  14.838   0.516         
 0027   445  14.676   0.305         
 0028   445  15.137   0.371         
 0029   445  15.246   0.566         
 0030   445  14.593   0.205         
 0031   445  12.577   0.046         
 0032   445  13.920   0.554         
 0033   445  13.186   0.078         
 0034   445  13.180   0.119         
 0035   445  15.472   0.850         
 0036   445  14.656   0.307         
 0037   445  15.775   0.640         
 0038   445  15.272   0.444         
 0039   445  14.762   0.226         
 0040   445  15.275   0.378         
 0041   445  15.727   0.445         
 0042   445  15.037   0.283         
 0043   445  16.099   0.320         
 0044   445  15.794   0.635         
 0045   445  15.310   0.841         
 0046   445  13.490   0.068         
 0047   445  15.067   0.307         
 0048   445  15.414   0.551         
 0049   445  15.719   0.514         
 0050   445  15.154   0.402         
 0051   445  14.702   0.824         
 0052   445  13.550   0.089         
 0053   445  15.158   0.515         
 0054   445  14.826   0.286         
 0055   445  15.311   0.615         
 0056   445  15.321   0.336         
 0057   445  15.656   0.507         
 0058   445  16.086   0.563         
 0059   445  15.642   0.383         
 0060   445  15.789   0.481         
 0061   445  15.683   0.755         
 0062   445  15.506   0.541         
 0063   445  14.889   0.349         
 0064   445  14.653   0.404         
 0065   445  14.502   0.171         
 0066   445  13.657   0.064         
 0067   445  13.626   0.123         
 0068   445  15.509   0.407         
 0069   445  14.425   0.250         
 0070   445  14.731   0.453         
 0071   445  15.641   0.495         
 0072   445  15.756   0.485         
 0073   445  15.789   0.470         
 0074   445  15.648   0.512         
 0075   445  16.425   0.483         
 0076   445  16.010   0.431         
 0077   445  16.304   0.453         
 0078   445  16.081   0.546         
 0079   445  15.606   0.729         
 0080   445  16.416   0.623         
 0081   445  16.577   0.532         
 0082   445  15.851   0.438         
 0083   445  16.304   0.367         
 0084   445  16.266   0.468         
 0085   445  16.294   0.536         
 0086   445  16.080   0.503         
 0087   445  16.230   0.530         
 0088   445  16.489   0.656         
 0089   445  15.932   0.507         
 0090   445  16.485   0.623         
 0091   445  16.166   0.436         
 0092   445  16.047   0.466         
 0093   445  16.227   0.501         
 0094   445  16.267   0.493         
 0095   445  16.557   0.618         
 0096   445  16.737   0.564         
 0097   445  16.430   0.515         
 0098   445  16.151   0.927         
 0099   445  16.394   0.762         
 0100   445  16.604   0.515         
 0101   445  16.489   0.555         
 0102   445  16.590   0.720         
 0103   445  16.776   0.675         
 0104   445  16.700   0.555         
 0105   445  15.917   0.415         
 0106   445  16.669   0.419         
 0107   445  17.043   0.736         
 0108   445  16.416   0.838         
 0111   445  16.445   0.567         
 0112   445  16.611   0.508         
 0113   445  15.897   0.630         
 0114   445  12.754   0.005         
 0115   445  14.493   0.241         
 0116   445  14.054   0.130         
 0117   445  16.276   0.604         
 0118   445  12.431   0.068         
 0119   445  13.805   0.455         
 0120   445  13.827   0.101         
 0121   445  14.303   0.169         
 0122   445   9.641   1.237         
 0123   445  15.530   0.920         
 0124   445  15.381   0.542         
 0125   445  15.018   0.437         
 0126   445  15.556   0.456         
 0127   445  15.725   0.415         
 0129   445  16.734   0.385         
 0130   445  15.929   0.455         
 0131   445  16.570   0.521         
 0132   445  16.932   0.838         
 0133   445  16.396   0.571         
 0134   445  11.092   0.481         
 0135   445  11.924   0.275         
 0136   445  10.887   0.019         
 0137   445  13.774   0.384         
 0138   445  11.526   0.015         
 0139   445  13.627   0.751         
 0140   445  14.604   1.261         

